7.247421
72.489168
15.555103
34.318591
26.178276
1.497545
6.119440
66.347704
27.824528
67.786884
0.444658
3.475629
2.685776
1.552567
74.967069
33.485985
45.960741
19.732197
1.051614
13.877527
47.672713
16.232793
5.963957
20.667662
65.029909
73.042560
19.005775
3.169026
11.436918
73.615167
56.654783
0.889494
1.943207
6.745100
11.845559
26.757170
2.922691
7.952031
2.681212
5.985415
55.305140
2.468678
9.118772
16.347247
3.807196
2.281401
17.059002
23.623618
11.716059
0.865431
42.601880
1.382770
1.830768
69.316172
2.283660
58.570651
71.765052
13.371081
58.097969
9.208632
1.082278
73.803682
57.254594
27.126487
25.606823
0.108746
4.720290
25.806634
11.606563
24.559495
4.119293
14.991941
2.533362
11.082861
41.603279
2.974517
0.120283
18.500229
8.982631
14.115915
8.793244
16.067687
0.610146
72.757157
6.148414
41.321745
27.682700
49.311741
11.716165
1.489955
13.860875
14.815905
4.548658
45.408449
1.652943
25.791415
52.518904
15.451343
8.186398
1.459516
2.206211
22.729544
74.967329
26.249335
7.023006
2.842772
67.907141
15.139411
1.681632
36.509686
69.700829
21.165619
3.870360
1.830354
31.252992
2.343927
26.927442
4.376490
63.358773
2.344988
9.106042
1.356319
0.404851
68.083440
3.290477
71.127697
28.549105
18.282380
1.623710
3.368075
0.941670
13.243682
64.544616
30.041686
73.471243
11.927951
32.765644
7.079489
2.845850
