 180      0.19155
 170.889      0.17561
 167.101      0.16119
 164.187      0.14817
 161.722      0.13644
 159.543      0.12589
 157.568      0.11642
 155.745      0.10795
 154.044      0.10037
  152.44     0.093616
 150.919     0.087606
 149.468      0.08227
 148.076      0.07754
 146.737     0.073356
 145.445      0.06966
 144.193     0.066398
 142.979     0.063523
 141.798     0.060987
 140.648      0.05875
 139.525     0.056774
 138.428     0.055022
 137.354     0.053463
 136.301     0.052068
 135.269      0.05081
 134.256     0.049665
 133.259     0.048611
 132.279     0.047629
 131.315     0.046702
 130.364     0.045815
 129.427     0.044954
 128.502     0.044107
  127.59     0.043265
 126.689     0.042418
 125.798     0.041561
 124.917     0.040686
 124.046     0.039789
 123.184     0.038867
  122.33     0.037917
 121.485     0.036937
 120.647     0.035927
 119.817     0.034886
 118.993     0.033815
 118.177     0.032715
 117.366     0.031588
 116.562     0.030437
 115.764     0.029263
 114.971     0.028071
 114.183     0.026863
   113.4     0.025644
 112.622     0.024417
 111.848     0.023186
 111.079     0.021956
 110.314     0.020731
 109.553     0.019515
 108.795     0.018314
 108.041     0.017132
 107.291     0.015973
 106.543     0.014842
 105.799     0.013744
 105.058     0.012684
 104.319     0.011665
 103.583     0.010692
 102.849    0.0097702
 102.118    0.0089029
 101.388    0.0080946
 100.661    0.0073494
 99.9354    0.0066713
 99.2117    0.0060641
 98.4896    0.0055317
  97.769    0.0050777
 97.0498    0.0047058
 96.3318    0.0044196
  95.615    0.0042226
 94.8992    0.0041182
 94.5416    0.0041018
 94.1843    0.0041099
 93.4702     0.004201
 92.7567    0.0043949
 92.0439    0.0046951
 91.3314     0.005105
 90.6194    0.0056281
 89.5517    0.0066329
   88.84     0.007455
 88.1283    0.0084033
 87.4164    0.0094821
 86.7042     0.010695
 85.9917     0.012048
 85.2787     0.013544
 84.5651      0.01519
 83.8508      0.01699
 83.1357      0.01895
 82.4197     0.021076
 81.7025     0.023375
 80.9843     0.025855
 80.2647     0.028522
 79.5437     0.031386
 78.8212     0.034454
  78.097     0.037737
  77.371     0.041244
 76.6431     0.044988
 75.9131     0.048979
 75.1809     0.053231
 74.4464     0.057757
 73.7094     0.062572
 72.9698     0.067691
 72.2273     0.073133
 71.4819     0.078913
 70.7335     0.085053
 69.9817     0.091573
 69.2264     0.098494
 68.4675      0.10584
 67.7048      0.11364
  66.938      0.12191
 66.1669      0.13069
 65.3914      0.14001
 64.6113      0.14989
 63.8262      0.16037
 63.0359       0.1715
 62.2402      0.18329
 61.4388      0.19581
 60.6314      0.20909
 59.8177      0.22317
 58.9974       0.2381
 58.1701      0.25394
 57.3355      0.27073
 56.4932      0.28854
 55.6428      0.30743
 54.7838      0.32745
 53.9158      0.34867
 53.0383      0.37117
 52.1507      0.39501
 51.2525      0.42028
  50.343      0.44705
 49.4216      0.47541
 48.4875      0.50544
 47.5398      0.53726
 46.5778      0.57094
 45.6005       0.6066
 44.6067      0.64435
 43.5953       0.6843
  42.565      0.72656
 41.5144      0.77127
 40.4417      0.81856
 39.3451      0.86856
 38.2226      0.92142
 37.0715      0.97728
 35.8893       1.0363
 34.6726       1.0987
 33.4175       1.1645
 32.1196       1.2341
 30.7733       1.3075
 29.3719        1.385
 27.9071       1.4668
 26.3681       1.5531
 24.7412       1.6441
 23.0074         1.74
 21.1405       1.8412
 19.1015       1.9478
 16.8276       2.0601
 14.2066       2.1784
 10.9925        2.303
       0       2.5024
